-0.0009732392 -0.1396008 0.3890537
-0.03121258 -0.1148506 0.3992963
-0.03306526 -0.1353774 0.4423349
-0.04872264 -0.1574633 0.4173276
-0.04604134 -0.1702776 0.4888319
-0.04245062 -0.1625719 0.4539163
-0.04336661 -0.1398558 0.4239356
-0.09113051 -0.1695921 0.5095814
-0.09031898 -0.2317428 0.4823406
-0.06971653 -0.200425 0.4962582
-0.06770102 -0.2009489 0.4915098
-0.04863025 -0.186926 0.4771618
-0.01713852 -0.1744205 0.4519381
-0.06416709 -0.246751 0.4691354
-0.07733693 -0.1914172 0.5086411
-0.02936125 -0.1636715 0.5054837
0.01437857 -0.2314242 0.4802023
-0.09993654 -0.1586751 0.4871579
-0.1052062 -0.16951 0.4659088
-0.08608104 -0.208608 0.5234734
-0.05372698 -0.1865513 0.4406419
-0.02829128 -0.1525839 0.4451636
0.01711927 -0.1903952 0.428169
-0.03853358 -0.1839275 0.4318235
