0.01296358 -0.01033609 0.3020858
-0.01563694 0.0169313 0.3022256
-0.013755 0.01030224 0.3491611
-0.03330389 -0.02083876 0.3321974
-0.02636679 -0.01000069 0.4049294
-0.02502284 -0.01264567 0.3703683
-0.0278918 -0.0007360695 0.3306555
-0.07634576 -0.006375553 0.4182914
-0.06926651 -0.06994209 0.4162066
-0.04419848 -0.02826462 0.4219307
-0.04208915 -0.02957817 0.4181888
-0.02704965 -0.02579775 0.4030699
0.004125429 -0.02479673 0.3732299
-0.04171741 -0.07785775 0.4073581
-0.0465437 -0.01933268 0.4295998
-0.008194936 0.00616405 0.4186607
0.03482091 -0.06859786 0.4198084
-0.07840089 0.004340943 0.3948195
-0.08777331 -0.0134653 0.3750744
-0.07451891 -0.003698624 0.4409577
-0.04077616 -0.04014714 0.3651666
-0.005577493 -0.006820972 0.3590724
0.03382436 -0.04680513 0.3554495
-0.01924067 -0.03889048 0.3588612
